PIVlab, ASCII chart output - 13-Jun-2024
FRAME: 5, filenames: A: 23-10-11_1415.jpg & B: 23-10-11_1515.jpg, conversion factor xy (px -> m): 250, conversion factor uv (px/frame -> m/s): 0.069444
x [m]	y [m]	u [m/s]	v [m/s]	Vector type [-]
5500	4250	NaN	NaN	0
5500	8250	NaN	NaN	0
5500	12250	NaN	NaN	0
5500	16250	NaN	NaN	0
5500	20250	NaN	NaN	0
5500	24250	NaN	NaN	0
5500	28250	NaN	NaN	0
5500	32250	NaN	NaN	0
5500	36250	NaN	NaN	0
5500	40250	NaN	NaN	0
5500	44250	NaN	NaN	0
5500	48250	NaN	NaN	0
5500	52250	NaN	NaN	0
5500	56250	NaN	NaN	0
5500	60250	NaN	NaN	0
5500	64250	NaN	NaN	0
5500	68250	NaN	NaN	0
5500	72250	NaN	NaN	0
5500	76250	NaN	NaN	0
5500	80250	NaN	NaN	0
5500	84250	NaN	NaN	0
5500	88250	NaN	NaN	0
5500	92250	NaN	NaN	0
5500	96250	NaN	NaN	0
5500	100250	NaN	NaN	0
5500	104250	NaN	NaN	0
5500	108250	NaN	NaN	0
5500	112250	NaN	NaN	0
5500	116250	NaN	NaN	0
5500	120250	NaN	NaN	0
5500	124250	NaN	NaN	0
5500	128250	NaN	NaN	0
5500	132250	NaN	NaN	0
5500	136250	NaN	NaN	0
5500	140250	NaN	NaN	0
5500	144250	NaN	NaN	0
5500	148250	NaN	NaN	0
5500	152250	NaN	NaN	0
5500	156250	NaN	NaN	0
5500	160250	NaN	NaN	0
9500	4250	NaN	NaN	0
9500	8250	NaN	NaN	0
9500	12250	NaN	NaN	0
9500	16250	NaN	NaN	0
9500	20250	NaN	NaN	0
9500	24250	NaN	NaN	0
9500	28250	NaN	NaN	0
9500	32250	NaN	NaN	0
9500	36250	NaN	NaN	0
9500	40250	NaN	NaN	0
9500	44250	NaN	NaN	0
9500	48250	NaN	NaN	0
9500	52250	NaN	NaN	0
9500	56250	NaN	NaN	0
9500	60250	NaN	NaN	0
9500	64250	NaN	NaN	0
9500	68250	NaN	NaN	0
9500	72250	NaN	NaN	0
9500	76250	NaN	NaN	0
9500	80250	NaN	NaN	0
9500	84250	NaN	NaN	0
9500	88250	NaN	NaN	0
9500	92250	NaN	NaN	0
9500	96250	NaN	NaN	0
9500	100250	NaN	NaN	0
9500	104250	NaN	NaN	0
9500	108250	NaN	NaN	0
9500	112250	NaN	NaN	0
9500	116250	NaN	NaN	0
9500	120250	NaN	NaN	0
9500	124250	NaN	NaN	0
9500	128250	NaN	NaN	0
9500	132250	NaN	NaN	0
9500	136250	NaN	NaN	0
9500	140250	NaN	NaN	0
9500	144250	NaN	NaN	0
9500	148250	NaN	NaN	0
9500	152250	NaN	NaN	0
9500	156250	NaN	NaN	0
9500	160250	NaN	NaN	0
13500	4250	NaN	NaN	0
13500	8250	NaN	NaN	0
13500	12250	NaN	NaN	0
13500	16250	NaN	NaN	0
13500	20250	NaN	NaN	0
13500	24250	NaN	NaN	0
13500	28250	NaN	NaN	0
13500	32250	NaN	NaN	0
13500	36250	NaN	NaN	0
13500	40250	NaN	NaN	0
13500	44250	NaN	NaN	0
13500	48250	NaN	NaN	0
13500	52250	NaN	NaN	0
13500	56250	NaN	NaN	0
13500	60250	NaN	NaN	0
13500	64250	NaN	NaN	0
13500	68250	NaN	NaN	0
13500	72250	NaN	NaN	0
13500	76250	NaN	NaN	0
13500	80250	NaN	NaN	0
13500	84250	NaN	NaN	0
13500	88250	NaN	NaN	0
13500	92250	NaN	NaN	0
13500	96250	NaN	NaN	0
13500	100250	NaN	NaN	0
13500	104250	NaN	NaN	0
13500	108250	NaN	NaN	0
13500	112250	NaN	NaN	0
13500	116250	NaN	NaN	0
13500	120250	NaN	NaN	0
13500	124250	NaN	NaN	0
13500	128250	NaN	NaN	0
13500	132250	NaN	NaN	0
13500	136250	NaN	NaN	0
13500	140250	NaN	NaN	0
13500	144250	NaN	NaN	0
13500	148250	NaN	NaN	0
13500	152250	NaN	NaN	0
13500	156250	NaN	NaN	0
13500	160250	NaN	NaN	0
17500	4250	NaN	NaN	0
17500	8250	NaN	NaN	0
17500	12250	NaN	NaN	0
17500	16250	NaN	NaN	0
17500	20250	NaN	NaN	0
17500	24250	NaN	NaN	0
17500	28250	NaN	NaN	0
17500	32250	NaN	NaN	0
17500	36250	NaN	NaN	0
17500	40250	NaN	NaN	0
17500	44250	NaN	NaN	0
17500	48250	NaN	NaN	0
17500	52250	NaN	NaN	0
17500	56250	NaN	NaN	0
17500	60250	NaN	NaN	0
17500	64250	NaN	NaN	0
17500	68250	NaN	NaN	0
17500	72250	NaN	NaN	0
17500	76250	NaN	NaN	0
17500	80250	NaN	NaN	0
17500	84250	NaN	NaN	0
17500	88250	NaN	NaN	0
17500	92250	NaN	NaN	0
17500	96250	NaN	NaN	0
17500	100250	NaN	NaN	0
17500	104250	NaN	NaN	0
17500	108250	NaN	NaN	0
17500	112250	NaN	NaN	0
17500	116250	NaN	NaN	0
17500	120250	NaN	NaN	0
17500	124250	NaN	NaN	0
17500	128250	NaN	NaN	0
17500	132250	NaN	NaN	0
17500	136250	NaN	NaN	0
17500	140250	NaN	NaN	0
17500	144250	NaN	NaN	0
17500	148250	NaN	NaN	0
17500	152250	NaN	NaN	0
17500	156250	NaN	NaN	0
17500	160250	NaN	NaN	0
21500	4250	NaN	NaN	0
21500	8250	NaN	NaN	0
21500	12250	NaN	NaN	0
21500	16250	NaN	NaN	0
21500	20250	NaN	NaN	0
21500	24250	NaN	NaN	0
21500	28250	NaN	NaN	0
21500	32250	NaN	NaN	0
21500	36250	NaN	NaN	0
21500	40250	NaN	NaN	0
21500	44250	NaN	NaN	0
21500	48250	NaN	NaN	0
21500	52250	NaN	NaN	0
21500	56250	NaN	NaN	0
21500	60250	NaN	NaN	0
21500	64250	NaN	NaN	0
21500	68250	NaN	NaN	0
21500	72250	NaN	NaN	0
21500	76250	NaN	NaN	0
21500	80250	NaN	NaN	0
21500	84250	NaN	NaN	0
21500	88250	NaN	NaN	0
21500	92250	NaN	NaN	0
21500	96250	NaN	NaN	0
21500	100250	NaN	NaN	0
21500	104250	NaN	NaN	0
21500	108250	NaN	NaN	0
21500	112250	NaN	NaN	0
21500	116250	NaN	NaN	0
21500	120250	NaN	NaN	0
21500	124250	NaN	NaN	0
21500	128250	NaN	NaN	0
21500	132250	NaN	NaN	0
21500	136250	NaN	NaN	0
21500	140250	NaN	NaN	0
21500	144250	NaN	NaN	0
21500	148250	NaN	NaN	0
21500	152250	NaN	NaN	0
21500	156250	NaN	NaN	0
21500	160250	NaN	NaN	0
25500	4250	NaN	NaN	0
25500	8250	NaN	NaN	0
25500	12250	NaN	NaN	0
25500	16250	NaN	NaN	0
25500	20250	NaN	NaN	0
25500	24250	NaN	NaN	0
25500	28250	NaN	NaN	0
25500	32250	NaN	NaN	0
25500	36250	NaN	NaN	0
25500	40250	NaN	NaN	0
25500	44250	NaN	NaN	0
25500	48250	NaN	NaN	0
25500	52250	NaN	NaN	0
25500	56250	NaN	NaN	0
25500	60250	NaN	NaN	0
25500	64250	NaN	NaN	0
25500	68250	NaN	NaN	0
25500	72250	NaN	NaN	0
25500	76250	NaN	NaN	0
25500	80250	NaN	NaN	0
25500	84250	NaN	NaN	0
25500	88250	NaN	NaN	0
25500	92250	NaN	NaN	0
25500	96250	NaN	NaN	0
25500	100250	NaN	NaN	0
25500	104250	NaN	NaN	0
25500	108250	NaN	NaN	0
25500	112250	NaN	NaN	0
25500	116250	NaN	NaN	0
25500	120250	NaN	NaN	0
25500	124250	NaN	NaN	0
25500	128250	NaN	NaN	0
25500	132250	NaN	NaN	0
25500	136250	NaN	NaN	0
25500	140250	NaN	NaN	0
25500	144250	NaN	NaN	0
25500	148250	NaN	NaN	0
25500	152250	NaN	NaN	0
25500	156250	NaN	NaN	0
25500	160250	NaN	NaN	0
29500	4250	-0.4401126206	-0.1254199296	1
29500	8250	NaN	NaN	0
29500	12250	NaN	NaN	0
29500	16250	NaN	NaN	0
29500	20250	NaN	NaN	0
29500	24250	NaN	NaN	0
29500	28250	NaN	NaN	0
29500	32250	NaN	NaN	0
29500	36250	NaN	NaN	0
29500	40250	-0.07848762721	0.06034920737	1
29500	44250	-0.06525024772	0.07033122331	1
29500	48250	-0.04195068404	-0.04180845991	1
29500	52250	-0.0463350378	-0.09326767921	1
29500	56250	-0.0592293106	-0.09320002794	1
29500	60250	-0.05466154218	-0.2993620634	1
29500	64250	-0.04122588411	-0.1116884053	1
29500	68250	-0.03479015455	-0.05929622427	1
29500	72250	-0.05312390625	0.1331125647	1
29500	76250	-0.09558480978	-0.01631260104	1
29500	80250	-0.1381669939	-0.04128078744	1
29500	84250	-0.1779948771	0.07424789667	1
29500	88250	-0.1874945164	-0.02166570909	1
29500	92250	-0.1639604867	-0.05180634558	1
29500	96250	-0.1904903501	-0.01674716547	1
29500	100250	-0.1898038983	0.01169931144	1
29500	104250	-0.2108124495	-0.02182338387	1
29500	108250	-0.2308851182	0.005078742281	1
29500	112250	-0.2483754307	0.0391991511	1
29500	116250	-0.2619860768	-0.01202945877	1
29500	120250	-0.273498863	-0.002665703883	1
29500	124250	-0.284763813	0.01341856364	1
29500	128250	-0.4403566718	0.0007799629821	1
29500	132250	-0.4470953345	-0.009018270299	1
29500	136250	-0.4410481155	-0.160437718	1
29500	140250	-0.4405207634	0.08401219547	1
29500	144250	NaN	NaN	0
29500	148250	NaN	NaN	0
29500	152250	NaN	NaN	0
29500	156250	NaN	NaN	0
29500	160250	NaN	NaN	0
33500	4250	NaN	NaN	0
33500	8250	NaN	NaN	0
33500	12250	NaN	NaN	0
33500	16250	-0.183824867	-0.05282040313	1
33500	20250	-0.1893552691	-0.1055848375	1
33500	24250	-0.2251172513	-0.1073106229	1
33500	28250	-0.09674605727	-0.1202831641	1
33500	32250	-0.1228943691	-0.1417685747	1
33500	36250	-0.1635065973	-0.1255457997	1
33500	40250	-0.2860160768	-0.09605500102	1
33500	44250	-0.1811653972	-0.07539337873	1
33500	48250	-0.08371820301	-0.001509404858	1
33500	52250	-0.0691389963	-0.08766291291	1
33500	56250	-0.09570451826	-0.1241995394	1
33500	60250	0.100093849	-0.1637077928	1
33500	64250	-0.06676075608	-0.1276465207	1
33500	68250	-0.05436313152	-0.08302284032	1
33500	72250	-0.06022977456	0.09834585339	1
33500	76250	-0.1377739906	0.01492641307	1
33500	80250	-0.1664329618	-0.02533311211	1
33500	84250	-0.19573991	0.0731471628	1
33500	88250	-0.1849684566	-0.04634457454	1
33500	92250	-0.2336950153	-0.2180363238	1
33500	96250	-0.242945686	-0.03817715496	1
33500	100250	-0.2064366788	-0.03989088163	1
33500	104250	-0.2240046263	-0.01265053917	1
33500	108250	-0.2405613959	0.0009421750437	1
33500	112250	-0.257013768	0.01842311025	1
33500	116250	-0.2714303136	-0.005970806349	1
33500	120250	-0.2826780379	-0.0005805270048	1
33500	124250	-0.2968921363	0.01068480127	1
33500	128250	-0.4989778399	0.007103383541	1
33500	132250	-0.5133939385	0.00705715362	1
33500	136250	-0.6241259575	0.01933663711	1
33500	140250	NaN	NaN	0
33500	144250	NaN	NaN	0
33500	148250	NaN	NaN	0
33500	152250	NaN	NaN	0
33500	156250	NaN	NaN	0
33500	160250	NaN	NaN	0
37500	4250	NaN	NaN	0
37500	8250	NaN	NaN	0
37500	12250	NaN	NaN	0
37500	16250	-0.515548408	-0.04696701095	1
37500	20250	-0.2938962579	-0.08692929894	1
37500	24250	-0.2511321306	-0.2837744057	1
37500	28250	-0.1796641797	-0.3031074405	1
37500	32250	-0.1283209622	-0.1496926248	1
37500	36250	-0.2265999019	-0.1196469888	1
37500	40250	-0.2950671315	-0.1118751466	1
37500	44250	-0.1406031549	-0.0794678703	1
37500	48250	-0.09212692827	0.03881373256	1
37500	52250	-0.09544910491	-0.09720665216	1
37500	56250	-0.1195373386	-0.1376155168	1
37500	60250	-0.1525149792	-0.1704560667	1
37500	64250	-0.1509929746	-0.136837557	1
37500	68250	-0.3086107373	-0.1028209254	1
37500	72250	-0.333976388	-0.07083314657	1
37500	76250	-0.2077140361	0.001380737405	1
37500	80250	-0.2239192873	-0.03940106928	1
37500	84250	-0.2690682411	-0.0533441864	1
37500	88250	-0.3107773662	-0.07801345736	1
37500	92250	-0.3456733823	-0.2369103134	1
37500	96250	-0.3904827833	-0.06084049866	1
37500	100250	-0.4098118544	0.003182304325	1
37500	104250	-0.4079773426	0.0442719385	1
37500	108250	-0.4805260301	0.1016686931	1
37500	112250	-0.6083884239	0.04559264332	1
37500	116250	-0.4389061928	0.009998802096	1
37500	120250	-0.4563073516	-0.004407550208	1
37500	124250	-0.5194162726	0.01834144443	1
37500	128250	-0.5272695422	0.01907966472	1
37500	132250	-0.682590127	-0.00630399026	1
37500	136250	-0.6182529926	0.1617552191	1
37500	140250	NaN	NaN	0
37500	144250	NaN	NaN	0
37500	148250	NaN	NaN	0
37500	152250	NaN	NaN	0
37500	156250	NaN	NaN	0
37500	160250	NaN	NaN	0
41500	4250	NaN	NaN	0
41500	8250	NaN	NaN	0
41500	12250	NaN	NaN	0
41500	16250	-0.5497451425	-0.03840917349	1
41500	20250	-0.3714927435	-0.08788724244	1
41500	24250	-0.3006714582	-0.2786831856	1
41500	28250	-0.2211046666	-0.2415283918	1
41500	32250	-0.1640949249	-0.147932902	1
41500	36250	-0.310611397	-0.1297532916	1
41500	40250	-0.1684866846	-0.1189011633	1
41500	44250	-0.1565555036	-0.1570655107	1
41500	48250	-0.160477072	-0.09068210423	1
41500	52250	-0.1545287818	-0.1127335951	1
41500	56250	-0.1559423208	-0.1392258555	1
41500	60250	-0.2089026719	-0.1514219642	1
41500	64250	-0.2299820483	-0.1469011903	1
41500	68250	-0.3968778253	-0.1342323571	1
41500	72250	-0.4264181256	-0.10081736	1
41500	76250	-0.2712400258	-0.06478151679	1
41500	80250	-0.2892005444	-0.05138815939	1
41500	84250	-0.3036231399	-0.1041586623	1
41500	88250	-0.345851481	-0.1026223153	1
41500	92250	-0.4102077186	-0.231582731	1
41500	96250	-0.5837504268	-0.04797531664	1
41500	100250	-0.443349719	0.04072971642	1
41500	104250	-0.4307028353	0.1333643943	1
41500	108250	-0.5814100504	0.1306062043	1
41500	112250	-0.6463963389	0.03282025456	1
41500	116250	-0.6481571198	0.143228963	1
41500	120250	-0.3228753805	0.01407798007	1
41500	124250	-0.6853687763	0.03853143379	1
41500	128250	-0.5289631486	0.048194848	1
41500	132250	-0.4968815744	0.01174821798	1
41500	136250	NaN	NaN	0
41500	140250	NaN	NaN	0
41500	144250	NaN	NaN	0
41500	148250	NaN	NaN	0
41500	152250	NaN	NaN	0
41500	156250	NaN	NaN	0
41500	160250	NaN	NaN	0
45500	4250	NaN	NaN	0
45500	8250	NaN	NaN	0
45500	12250	NaN	NaN	0
45500	16250	-0.1757585704	-0.0287247207	1
45500	20250	-0.3744910359	-0.08411581069	1
45500	24250	-0.2958906293	-0.2244392633	1
45500	28250	-0.2384584993	-0.1567741185	1
45500	32250	-0.02683849819	-0.1410533488	1
45500	36250	-0.3116443455	-0.1431019455	1
45500	40250	0.003284133039	-0.1334299296	1
45500	44250	-0.1611058265	-0.1061868146	1
45500	48250	-0.1689753532	-0.1000060439	1
45500	52250	-0.1735185981	-0.1105619669	1
45500	56250	-0.1598466486	-0.1140007824	1
45500	60250	-0.2194535583	-0.1354020238	1
45500	64250	-0.2447879016	-0.1527833343	1
45500	68250	-0.286185652	-0.1270486861	1
45500	72250	-0.324764967	-0.08028327674	1
45500	76250	-0.2981179953	-0.1032385007	1
45500	80250	-0.2915443182	-0.07239668071	1
45500	84250	-0.3683237433	-0.1080533639	1
45500	88250	-0.4047701657	-0.09532185644	1
45500	92250	-0.4218641818	-0.2593404055	1
45500	96250	-0.5123733282	-0.09068292379	1
45500	100250	-0.464987427	0.01142364834	1
45500	104250	-0.4825698137	0.02481470443	1
45500	108250	-0.6619232893	0.07316047698	1
45500	112250	-0.6634945273	0.02569086477	1
45500	116250	-0.6683418751	0.08677797019	1
45500	120250	-0.489703089	0.03434522822	1
45500	124250	-0.5250156522	0.2049346417	1
45500	128250	-0.5505588651	0.0517029725	1
45500	132250	NaN	NaN	0
45500	136250	NaN	NaN	0
45500	140250	NaN	NaN	0
45500	144250	NaN	NaN	0
45500	148250	NaN	NaN	0
45500	152250	NaN	NaN	0
45500	156250	NaN	NaN	0
45500	160250	NaN	NaN	0
49500	4250	NaN	NaN	0
49500	8250	NaN	NaN	0
49500	12250	NaN	NaN	0
49500	16250	-0.1621350646	-0.02200976014	1
49500	20250	-0.4305205345	-0.08622998744	1
49500	24250	-0.2873911858	-0.1404958367	1
49500	28250	-0.2604405284	-0.1857692599	1
49500	32250	-0.2414121926	-0.1580747962	1
49500	36250	-0.2411177754	-0.1426773965	1
49500	40250	-0.1672342271	-0.1383721679	1
49500	44250	-0.1761460602	-0.1045906022	1
49500	48250	-0.1814657152	-0.09828657657	1
49500	52250	-0.1893076003	-0.09802389145	1
49500	56250	-0.2159843892	-0.1107178926	1
49500	60250	-0.2278032899	-0.126250729	1
49500	64250	-0.2471706271	-0.1422819495	1
49500	68250	-0.281365633	-0.1126154736	1
49500	72250	-0.3299138844	-0.08627142012	1
49500	76250	-0.3137806356	-0.1025966406	1
49500	80250	-0.3105328083	-0.07340839505	1
49500	84250	-0.2969677448	-0.09395508468	1
49500	88250	-0.3089374602	-0.07266961783	1
49500	92250	-0.4338881373	-0.1193106249	1
49500	96250	-0.321908772	-0.08381529152	1
49500	100250	-0.4675477445	-0.02087088302	1
49500	104250	-0.5007951856	0.0233898554	1
49500	108250	-0.6804041266	0.08170697093	1
49500	112250	-0.6745802164	0.0416589044	1
49500	116250	-0.4873662889	0.04239501059	1
49500	120250	-0.4854840636	0.03020268492	1
49500	124250	-0.4811281264	0.01100741513	1
49500	128250	NaN	NaN	0
49500	132250	NaN	NaN	0
49500	136250	NaN	NaN	0
49500	140250	NaN	NaN	0
49500	144250	NaN	NaN	0
49500	148250	NaN	NaN	0
49500	152250	NaN	NaN	0
49500	156250	NaN	NaN	0
49500	160250	NaN	NaN	0
53500	4250	NaN	NaN	0
53500	8250	NaN	NaN	0
53500	12250	NaN	NaN	0
53500	16250	-0.4785231948	-0.01989509165	1
53500	20250	-0.4914226532	-0.09606026858	1
53500	24250	-0.381973654	-0.141007334	1
53500	28250	-0.3134856522	-0.2915184498	1
53500	32250	-0.321472019	-0.1374244839	1
53500	36250	-0.2609582841	-0.1496485919	1
53500	40250	-0.2139444053	-0.1294581443	1
53500	44250	-0.196609959	-0.09820355475	1
53500	48250	-0.1947229207	-0.09734502435	1
53500	52250	-0.2029742301	-0.09335029125	1
53500	56250	-0.2218583375	-0.1048343405	1
53500	60250	-0.2436190695	-0.1242195293	1
53500	64250	-0.284950465	-0.2144014239	1
53500	68250	-0.3371710479	-0.1209970266	1
53500	72250	-0.3855788112	-0.08401795477	1
53500	76250	-0.4256834388	-0.1296976954	1
53500	80250	-0.4643178284	-0.08967405558	1
53500	84250	-0.5200935006	-0.107856892	1
53500	88250	-0.6069383621	-0.05396953225	1
53500	92250	-0.4953985214	-0.092700921	1
53500	96250	-0.5109531879	-0.07681006938	1
53500	100250	-0.5283463597	-0.03676702455	1
53500	104250	-0.5385292172	0.03461140767	1
53500	108250	-0.6576623917	0.11931815	1
53500	112250	-0.6817323565	0.057512559	1
53500	116250	-0.4864184856	-0.1380123496	1
53500	120250	-0.4614861608	0.06272855401	1
53500	124250	-0.46496135	0.01568517275	1
53500	128250	NaN	NaN	0
53500	132250	NaN	NaN	0
53500	136250	NaN	NaN	0
53500	140250	NaN	NaN	0
53500	144250	NaN	NaN	0
53500	148250	NaN	NaN	0
53500	152250	NaN	NaN	0
53500	156250	NaN	NaN	0
53500	160250	NaN	NaN	0
57500	4250	NaN	NaN	0
57500	8250	NaN	NaN	0
57500	12250	NaN	NaN	0
57500	16250	-0.4492313266	-0.01958118938	1
57500	20250	-0.535956502	-0.1219035387	1
57500	24250	-0.5280296803	-0.1098282784	1
57500	28250	-0.3519283533	-0.290450573	1
57500	32250	-0.4177115262	-0.1326593608	1
57500	36250	-0.4267225564	-0.169147253	1
57500	40250	-0.2374881506	-0.09001907706	1
57500	44250	-0.2567876279	-0.09007649124	1
57500	48250	-0.2235942781	-0.09580188245	1
57500	52250	-0.2006175965	-0.07285135239	1
57500	56250	-0.2255212218	-0.0889981389	1
57500	60250	-0.256599009	-0.1234996915	1
57500	64250	-0.2832472324	-0.289357096	1
57500	68250	-0.3544488549	-0.1534325778	1
57500	72250	-0.3739868701	-0.09844189882	1
57500	76250	-0.4222621918	-0.2212239653	1
57500	80250	-0.4712367952	-0.1216339618	1
57500	84250	-0.4898826182	-0.1357326955	1
57500	88250	-0.3304562867	-0.2022864074	1
57500	92250	-0.5883672237	-0.0795154199	1
57500	96250	-0.5559741259	-0.03841305897	1
57500	100250	-0.5522779226	-0.03196828067	1
57500	104250	-0.5409299135	0.01924349181	1
57500	108250	-0.5121105313	0.0539274849	1
57500	112250	-0.5064834356	0.05370515212	1
57500	116250	-0.4990791976	-0.1281056106	1
57500	120250	-0.4938441515	0.04395478964	1
57500	124250	NaN	NaN	0
57500	128250	NaN	NaN	0
57500	132250	NaN	NaN	0
57500	136250	NaN	NaN	0
57500	140250	NaN	NaN	0
57500	144250	NaN	NaN	0
57500	148250	NaN	NaN	0
57500	152250	NaN	NaN	0
57500	156250	NaN	NaN	0
57500	160250	NaN	NaN	0
61500	4250	NaN	NaN	0
61500	8250	NaN	NaN	0
61500	12250	NaN	NaN	0
61500	16250	-0.2694966793	-0.01549789496	1
61500	20250	-0.3415539861	-0.0195636563	1
61500	24250	-0.4902381301	-0.1455386877	1
61500	28250	-0.3259851336	-0.3055412471	1
61500	32250	-0.4668782055	-0.1571211517	1
61500	36250	-0.4472438395	-0.1844610125	1
61500	40250	-0.4276093841	-0.0813690275	1
61500	44250	-0.4097013474	-0.08485526592	1
61500	48250	-0.2534338534	-0.08818128705	1
61500	52250	-0.2241325974	-0.06532615423	1
61500	56250	-0.2362017483	-0.07987457514	1
61500	60250	-0.243717283	-0.1301729083	1
61500	64250	-0.276535511	-0.3115045726	1
61500	68250	-0.3295310736	-0.2154080421	1
61500	72250	-0.340947926	-0.221997261	1
61500	76250	-0.3031013608	-0.2100892216	1
61500	80250	-0.395409584	-0.2692967951	1
61500	84250	-0.4271423221	-0.1253496706	1
61500	88250	-0.4304781854	-0.1419955641	1
61500	92250	-0.473371774	-0.05312721059	1
61500	96250	-0.5611854196	-0.005848685279	1
61500	100250	-0.5396059752	-0.02255629376	1
61500	104250	-0.5202962756	0.007720715832	1
61500	108250	-0.5107116103	0.03303286061	1
61500	112250	-0.5039820671	0.04426491633	1
61500	116250	-0.5021768212	0.0008010512684	1
61500	120250	NaN	NaN	0
61500	124250	NaN	NaN	0
61500	128250	NaN	NaN	0
61500	132250	NaN	NaN	0
61500	136250	NaN	NaN	0
61500	140250	NaN	NaN	0
61500	144250	NaN	NaN	0
61500	148250	NaN	NaN	0
61500	152250	NaN	NaN	0
61500	156250	NaN	NaN	0
61500	160250	NaN	NaN	0
65500	4250	NaN	NaN	0
65500	8250	NaN	NaN	0
65500	12250	NaN	NaN	0
65500	16250	-0.318449825	-0.01234138571	1
65500	20250	-0.3195756972	-0.06345124543	1
65500	24250	-0.1504965276	0.04004637524	1
65500	28250	-0.2572090626	0.06656426191	1
65500	32250	-0.1716362089	-0.2825476825	1
65500	36250	-0.2691662908	-0.178128764	1
65500	40250	-0.2638663948	-0.1011844724	1
65500	44250	-0.2487981021	-0.08057181537	1
65500	48250	-0.2579395771	-0.1485553831	1
65500	52250	-0.2560637295	-0.06129126251	1
65500	56250	-0.2569743395	-0.09589473903	1
65500	60250	-0.268735975	-0.2175789028	1
65500	64250	-0.2879491746	-0.1978019923	1
65500	68250	-0.3099208176	-0.1300567985	1
65500	72250	-0.3369033337	-0.02720993385	1
65500	76250	-0.3679453135	-0.09105814993	1
65500	80250	-0.3843594193	-0.2539765835	1
65500	84250	-0.415443182	-0.1097317785	1
65500	88250	-0.4503754079	0.1035283804	1
65500	92250	-0.4985705912	-0.0158498697	1
65500	96250	-0.4952349961	0.01451369002	1
65500	100250	-0.526814878	0.002541408641	1
65500	104250	-0.5289588571	0.01363013312	1
65500	108250	-0.5210812092	0.01213421393	1
65500	112250	-0.5009935498	0.0255247876	1
65500	116250	NaN	NaN	0
65500	120250	NaN	NaN	0
65500	124250	NaN	NaN	0
65500	128250	NaN	NaN	0
65500	132250	NaN	NaN	0
65500	136250	NaN	NaN	0
65500	140250	NaN	NaN	0
65500	144250	NaN	NaN	0
65500	148250	NaN	NaN	0
65500	152250	NaN	NaN	0
65500	156250	NaN	NaN	0
65500	160250	NaN	NaN	0
69500	4250	NaN	NaN	0
69500	8250	NaN	NaN	0
69500	12250	NaN	NaN	0
69500	16250	-0.2869363427	-0.01171741635	1
69500	20250	-0.2744006813	-0.0752043128	1
69500	24250	-0.2584173679	-0.1287142336	1
69500	28250	-0.2637932599	-0.128727749	1
69500	32250	-0.2583700418	-0.2013118863	1
69500	36250	-0.2550285459	-0.1731748432	1
69500	40250	-0.2750457227	-0.1296999454	1
69500	44250	-0.2785500884	-0.0841486901	1
69500	48250	-0.2846217155	-0.04633979499	1
69500	52250	-0.2812716365	-0.05468431488	1
69500	56250	-0.2864424288	-0.1038522199	1
69500	60250	-0.3023838699	-0.2309835106	1
69500	64250	-0.2946165204	-0.1888350844	1
69500	68250	-0.3140304387	-0.003570765257	1
69500	72250	-0.3484952748	-0.1068640277	1
69500	76250	-0.3985200226	-0.1036540866	1
69500	80250	-0.4485028684	-0.2226623595	1
69500	84250	-0.4865496457	-0.1280990839	1
69500	88250	-0.5106768608	0.1225198805	1
69500	92250	-0.53723526	0.001445516129	1
69500	96250	-0.5280653238	0.01220507547	1
69500	100250	-0.6609374881	0.02545644343	1
69500	104250	-0.6909308434	0.03417531773	1
69500	108250	-0.5167426467	0.02697756328	1
69500	112250	NaN	NaN	0
69500	116250	NaN	NaN	0
69500	120250	NaN	NaN	0
69500	124250	NaN	NaN	0
69500	128250	NaN	NaN	0
69500	132250	NaN	NaN	0
69500	136250	NaN	NaN	0
69500	140250	NaN	NaN	0
69500	144250	NaN	NaN	0
69500	148250	NaN	NaN	0
69500	152250	NaN	NaN	0
69500	156250	NaN	NaN	0
69500	160250	NaN	NaN	0
73500	4250	NaN	NaN	0
73500	8250	NaN	NaN	0
73500	12250	NaN	NaN	0
73500	16250	-0.2737071514	-0.007977742702	1
73500	20250	-0.3021689951	-0.07245752215	1
73500	24250	-0.2971143723	-0.1692916304	1
73500	28250	-0.2614148855	-0.08744420111	1
73500	32250	-0.2548650801	-0.1889483184	1
73500	36250	-0.1516406685	-0.1505122781	1
73500	40250	-0.2956780791	-0.1346865147	1
73500	44250	-0.2964990139	-0.1007453501	1
73500	48250	-0.2742043734	-0.02579472959	1
73500	52250	-0.2741045654	-0.01825521328	1
73500	56250	-0.1406001002	-0.1368642449	1
73500	60250	-0.1227786466	-0.2163277119	1
73500	64250	-0.2481994331	-0.1892686039	1
73500	68250	-0.167560041	-0.1236690283	1
73500	72250	-0.209445551	-0.07108750194	1
73500	76250	-0.4489839077	-0.1058845893	1
73500	80250	-0.5101321936	-0.1832491159	1
73500	84250	-0.5578688979	-0.1019393355	1
73500	88250	-0.5707130432	-0.02402666956	1
73500	92250	-0.5930672884	0.01033496298	1
73500	96250	-0.6039477587	0.04368129745	1
73500	100250	-0.5923238993	0.04473021999	1
73500	104250	-0.5614789128	0.04439236969	1
73500	108250	-0.5296706557	0.03575308993	1
73500	112250	NaN	NaN	0
73500	116250	NaN	NaN	0
73500	120250	NaN	NaN	0
73500	124250	NaN	NaN	0
73500	128250	NaN	NaN	0
73500	132250	NaN	NaN	0
73500	136250	NaN	NaN	0
73500	140250	NaN	NaN	0
73500	144250	NaN	NaN	0
73500	148250	NaN	NaN	0
73500	152250	NaN	NaN	0
73500	156250	NaN	NaN	0
73500	160250	NaN	NaN	0
77500	4250	NaN	NaN	0
77500	8250	NaN	NaN	0
77500	12250	NaN	NaN	0
77500	16250	-0.3073685169	-0.003089412814	1
77500	20250	-0.4815299511	-0.08209948242	1
77500	24250	-0.4767370224	-0.1774526834	1
77500	28250	-0.1459923685	-0.2825011909	1
77500	32250	-0.176355049	-0.2404587865	1
77500	36250	-0.2075591087	-0.2171399593	1
77500	40250	-0.2985079885	-0.1274871379	1
77500	44250	-0.3299833536	-0.07733265311	1
77500	48250	-0.3256920278	0.006973706186	1
77500	52250	-0.2974331379	0.04548250139	1
77500	56250	-0.2762700915	-0.1197570115	1
77500	60250	-0.3082643747	-0.2324494421	1
77500	64250	-0.3322740793	-0.1544140279	1
77500	68250	-0.3383613825	0.005921175238	1
77500	72250	-0.3850876391	-0.0963029936	1
77500	76250	-0.4949404895	-0.100657858	1
77500	80250	-0.5517722368	-0.08181514591	1
77500	84250	-0.5772106647	-0.06402844191	1
77500	88250	-0.5628917813	-0.02184740081	1
77500	92250	-0.562985301	0.02932565473	1
77500	96250	-0.5744202733	0.1406055391	1
77500	100250	-0.5778513551	0.07717867941	1
77500	104250	-0.6530942321	0.05815509707	1
77500	108250	NaN	NaN	0
77500	112250	NaN	NaN	0
77500	116250	NaN	NaN	0
77500	120250	NaN	NaN	0
77500	124250	NaN	NaN	0
77500	128250	NaN	NaN	0
77500	132250	NaN	NaN	0
77500	136250	NaN	NaN	0
77500	140250	NaN	NaN	0
77500	144250	NaN	NaN	0
77500	148250	NaN	NaN	0
77500	152250	NaN	NaN	0
77500	156250	NaN	NaN	0
77500	160250	NaN	NaN	0
81500	4250	NaN	NaN	0
81500	8250	NaN	NaN	0
81500	12250	NaN	NaN	0
81500	16250	-0.157593295	-0.001417034189	1
81500	20250	-0.3179336786	-0.09316070378	1
81500	24250	-0.3007030785	-0.1676729321	1
81500	28250	-0.3233169615	-0.1903508902	1
81500	32250	-0.3241106868	-0.1516059041	1
81500	36250	-0.3295433223	-0.04980756342	1
81500	40250	-0.3229481876	-0.1200385243	1
81500	44250	-0.5102388859	-0.04635014012	1
81500	48250	-0.3815059066	0.06893624365	1
81500	52250	-0.3244774938	0.07376139611	1
81500	56250	-0.3049370646	-0.0944558531	1
81500	60250	-0.3154676855	-0.1755114943	1
81500	64250	-0.2011403739	-0.1256232709	1
81500	68250	-0.2443918586	-0.1089847684	1
81500	72250	-0.4263958931	-0.1132038683	1
81500	76250	-0.5134506822	-0.09051657468	1
81500	80250	-0.5662558079	-0.07132316381	1
81500	84250	-0.5712324977	-0.04070232064	1
81500	88250	-0.5167150497	0.1638298631	1
81500	92250	-0.5174434781	0.07347299159	1
81500	96250	-0.5168141127	0.1224906743	1
81500	100250	-0.5377876163	0.1027787775	1
81500	104250	NaN	NaN	0
81500	108250	NaN	NaN	0
81500	112250	NaN	NaN	0
81500	116250	NaN	NaN	0
81500	120250	NaN	NaN	0
81500	124250	NaN	NaN	0
81500	128250	NaN	NaN	0
81500	132250	NaN	NaN	0
81500	136250	NaN	NaN	0
81500	140250	NaN	NaN	0
81500	144250	NaN	NaN	0
81500	148250	NaN	NaN	0
81500	152250	NaN	NaN	0
81500	156250	NaN	NaN	0
81500	160250	NaN	NaN	0
85500	4250	NaN	NaN	0
85500	8250	NaN	NaN	0
85500	12250	NaN	NaN	0
85500	16250	-0.3225956261	-0.006494646426	1
85500	20250	-0.4756992459	-0.09259335697	1
85500	24250	-0.3227750063	-0.1833274662	1
85500	28250	-0.3230522871	-0.1885812432	1
85500	32250	-0.3313960433	-0.1055598184	1
85500	36250	-0.2943229377	-0.05201745406	1
85500	40250	-0.4347188473	-0.06795724481	1
85500	44250	-0.5076887012	-0.02558013611	1
85500	48250	-0.3645511568	0.09305351228	1
85500	52250	-0.3307042122	0.09920236468	1
85500	56250	-0.3141084611	-0.0768789947	1
85500	60250	-0.3168839216	-0.1653629988	1
85500	64250	-0.3288829625	-0.1508976668	1
85500	68250	-0.3536220491	-0.1255552769	1
85500	72250	-0.446968466	-0.1090337783	1
85500	76250	-0.6566534042	-0.07252941281	1
85500	80250	-0.5210181475	-0.09397661686	1
85500	84250	-0.5459163785	-0.01727514714	1
85500	88250	-0.5390127897	0.2104717642	1
85500	92250	-0.5420167446	0.2523220181	1
85500	96250	-0.528808713	0.09073726088	1
85500	100250	NaN	NaN	0
85500	104250	NaN	NaN	0
85500	108250	NaN	NaN	0
85500	112250	NaN	NaN	0
85500	116250	NaN	NaN	0
85500	120250	NaN	NaN	0
85500	124250	NaN	NaN	0
85500	128250	NaN	NaN	0
85500	132250	NaN	NaN	0
85500	136250	NaN	NaN	0
85500	140250	NaN	NaN	0
85500	144250	NaN	NaN	0
85500	148250	NaN	NaN	0
85500	152250	NaN	NaN	0
85500	156250	NaN	NaN	0
85500	160250	NaN	NaN	0
89500	4250	NaN	NaN	0
89500	8250	NaN	NaN	0
89500	12250	NaN	NaN	0
89500	16250	-0.3565380573	-0.01209459826	1
89500	20250	-0.3362568617	-0.2623406947	1
89500	24250	-0.3202463984	-0.1796424389	1
89500	28250	-0.3247340322	-0.1932056397	1
89500	32250	-0.3375224173	-0.1330605	1
89500	36250	-0.5350446701	-0.09845629334	1
89500	40250	-0.4123550057	-0.03295910731	1
89500	44250	-0.3972842991	0.0805330798	1
89500	48250	-0.3791139424	0.1150474772	1
89500	52250	-0.3007638454	0.1399902403	1
89500	56250	-0.5073205829	-0.08165320009	1
89500	60250	-0.218774274	-0.1950906068	1
89500	64250	-0.157521233	-0.1769020557	1
89500	68250	-0.2433849424	-0.06389311701	1
89500	72250	-0.363948822	0.07800877094	1
89500	76250	-0.4445030689	-0.07833504677	1
89500	80250	-0.4872539341	-0.101899825	1
89500	84250	-0.5271770954	-0.0005899162497	1
89500	88250	-0.5528849959	0.08510364592	1
89500	92250	-0.5946490765	0.2560346425	1
89500	96250	NaN	NaN	0
89500	100250	NaN	NaN	0
89500	104250	NaN	NaN	0
89500	108250	NaN	NaN	0
89500	112250	NaN	NaN	0
89500	116250	NaN	NaN	0
89500	120250	NaN	NaN	0
89500	124250	NaN	NaN	0
89500	128250	NaN	NaN	0
89500	132250	NaN	NaN	0
89500	136250	NaN	NaN	0
89500	140250	NaN	NaN	0
89500	144250	NaN	NaN	0
89500	148250	NaN	NaN	0
89500	152250	NaN	NaN	0
89500	156250	NaN	NaN	0
89500	160250	NaN	NaN	0
93500	4250	NaN	NaN	0
93500	8250	NaN	NaN	0
93500	12250	NaN	NaN	0
93500	16250	-0.3830676675	-0.01949735358	1
93500	20250	-0.3495183289	-0.1827460825	1
93500	24250	-0.3314708471	-0.1703421175	1
93500	28250	-0.3489238918	-0.2123466432	1
93500	32250	-0.3704776764	-0.1805125475	1
93500	36250	-0.5832326412	-0.1426106095	1
93500	40250	-0.4350098372	-0.05262643471	1
93500	44250	-0.399658978	0.03205996752	1
93500	48250	-0.360673964	0.1413230449	1
93500	52250	-0.3344994485	0.1203132346	1
93500	56250	-0.3461398482	-0.09583038092	1
93500	60250	-0.3453326523	-0.09015364945	1
93500	64250	-0.3223252296	-0.1065929383	1
93500	68250	-0.1586632878	-0.1366824508	1
93500	72250	-0.1553238779	-0.1134465486	1
93500	76250	-0.4074452221	0.07344677299	1
93500	80250	-0.534540832	-0.2473689169	1
93500	84250	-0.2950417995	-0.04355878383	1
93500	88250	-0.5133307576	0.05291738734	1
93500	92250	-0.5215932727	0.08556619287	1
93500	96250	NaN	NaN	0
93500	100250	NaN	NaN	0
93500	104250	NaN	NaN	0
93500	108250	NaN	NaN	0
93500	112250	NaN	NaN	0
93500	116250	NaN	NaN	0
93500	120250	NaN	NaN	0
93500	124250	NaN	NaN	0
93500	128250	NaN	NaN	0
93500	132250	NaN	NaN	0
93500	136250	NaN	NaN	0
93500	140250	NaN	NaN	0
93500	144250	NaN	NaN	0
93500	148250	NaN	NaN	0
93500	152250	NaN	NaN	0
93500	156250	NaN	NaN	0
93500	160250	NaN	NaN	0
97500	4250	NaN	NaN	0
97500	8250	NaN	NaN	0
97500	12250	NaN	NaN	0
97500	16250	-0.4237565398	-0.01817382872	1
97500	20250	-0.3935580552	-0.08617711067	1
97500	24250	-0.3607217073	-0.04387919977	1
97500	28250	-0.3790912628	-0.2355487198	1
97500	32250	-0.4019751847	-0.2471177131	1
97500	36250	-0.2406379879	-0.1842173785	1
97500	40250	-0.4119171798	-0.07652048767	1
97500	44250	-0.4043802321	-0.008534462191	1
97500	48250	-0.3720134497	0.1138870418	1
97500	52250	-0.3427188396	0.01647191308	1
97500	56250	-0.3548887074	-0.08621365577	1
97500	60250	-0.3765150011	-0.07231150568	1
97500	64250	-0.335026145	-0.06368298829	1
97500	68250	-0.2949222624	-0.1074364632	1
97500	72250	-0.295722872	-0.1436286867	1
97500	76250	-0.327773571	-0.1105576605	1
97500	80250	-0.3810278475	-0.244933188	1
97500	84250	-0.3684130907	-0.1622703671	1
97500	88250	-0.5462123156	0.007962232456	1
97500	92250	NaN	NaN	0
97500	96250	NaN	NaN	0
97500	100250	NaN	NaN	0
97500	104250	NaN	NaN	0
97500	108250	NaN	NaN	0
97500	112250	NaN	NaN	0
97500	116250	NaN	NaN	0
97500	120250	NaN	NaN	0
97500	124250	NaN	NaN	0
97500	128250	NaN	NaN	0
97500	132250	NaN	NaN	0
97500	136250	NaN	NaN	0
97500	140250	NaN	NaN	0
97500	144250	NaN	NaN	0
97500	148250	NaN	NaN	0
97500	152250	NaN	NaN	0
97500	156250	NaN	NaN	0
97500	160250	NaN	NaN	0
101500	4250	NaN	NaN	0
101500	8250	NaN	NaN	0
101500	12250	NaN	NaN	0
101500	16250	-0.5425448418	-0.01579526812	1
101500	20250	-0.5165652037	-0.07757243514	1
101500	24250	-0.4931527972	-0.09933273494	1
101500	28250	-0.4803240597	-0.185382098	1
101500	32250	-0.4401741028	-0.1897226125	1
101500	36250	-0.568336904	-0.1622651815	1
101500	40250	-0.4023655355	-0.2295691669	1
101500	44250	-0.3726596534	-0.03545750305	1
101500	48250	-0.3544447124	-0.0148341395	1
101500	52250	-0.3383269012	-0.003593870439	1
101500	56250	-0.332760036	-0.009696750902	1
101500	60250	-0.3219036162	-0.0508819446	1
101500	64250	-0.1567883343	-0.05165502429	1
101500	68250	-0.3923455477	-0.0554790087	1
101500	72250	-0.4255149066	-0.1247075051	1
101500	76250	-0.1418094188	-0.1627283692	1
101500	80250	-0.1867158562	-0.1634195149	1
101500	84250	-0.2864600122	-0.196085602	1
101500	88250	-0.5749445558	-0.002082395833	1
101500	92250	-0.5840598941	0.02350454777	1
101500	96250	NaN	NaN	0
101500	100250	NaN	NaN	0
101500	104250	NaN	NaN	0
101500	108250	NaN	NaN	0
101500	112250	NaN	NaN	0
101500	116250	NaN	NaN	0
101500	120250	NaN	NaN	0
101500	124250	NaN	NaN	0
101500	128250	NaN	NaN	0
101500	132250	NaN	NaN	0
101500	136250	NaN	NaN	0
101500	140250	NaN	NaN	0
101500	144250	NaN	NaN	0
101500	148250	NaN	NaN	0
101500	152250	NaN	NaN	0
101500	156250	NaN	NaN	0
101500	160250	NaN	NaN	0
105500	4250	NaN	NaN	0
105500	8250	NaN	NaN	0
105500	12250	NaN	NaN	0
105500	16250	-0.4807165265	-0.01836252026	1
105500	20250	-0.4984436333	-0.07414679229	1
105500	24250	-0.4680084586	-0.08460278809	1
105500	28250	-0.4238992929	-0.07676272839	1
105500	32250	-0.374812156	-0.05078709498	1
105500	36250	-0.5236982107	-0.05282474309	1
105500	40250	-0.4168779254	-0.2295920849	1
105500	44250	-0.4738429487	-0.08659952134	1
105500	48250	-0.4612226188	-0.06531988084	1
105500	52250	-0.2953394651	-0.05328334868	1
105500	56250	-0.2830493748	-0.0380978249	1
105500	60250	-0.165672034	-0.09980519861	1
105500	64250	-0.2438447177	-0.06186322495	1
105500	68250	-0.3324402273	-0.04083423316	1
105500	72250	-0.3516589999	-0.08929730952	1
105500	76250	-0.3337571919	-0.1248604208	1
105500	80250	-0.3380822539	-0.1427306235	1
105500	84250	-0.407269299	-0.1649086028	1
105500	88250	-0.5822486281	0.003650006372	1
105500	92250	-0.4430790544	0.003727673553	1
105500	96250	NaN	NaN	0
105500	100250	NaN	NaN	0
105500	104250	NaN	NaN	0
105500	108250	NaN	NaN	0
105500	112250	NaN	NaN	0
105500	116250	NaN	NaN	0
105500	120250	NaN	NaN	0
105500	124250	NaN	NaN	0
105500	128250	NaN	NaN	0
105500	132250	NaN	NaN	0
105500	136250	NaN	NaN	0
105500	140250	NaN	NaN	0
105500	144250	NaN	NaN	0
105500	148250	NaN	NaN	0
105500	152250	NaN	NaN	0
105500	156250	NaN	NaN	0
105500	160250	NaN	NaN	0
109500	4250	NaN	NaN	0
109500	8250	NaN	NaN	0
109500	12250	NaN	NaN	0
109500	16250	-0.4553254843	-0.01402110234	1
109500	20250	-0.4974268973	-0.07822471857	1
109500	24250	-0.525490582	-0.1060962752	1
109500	28250	-0.4382211566	-0.05790090561	1
109500	32250	-0.5101526976	-0.03979310393	1
109500	36250	-0.4821101129	-0.01031442638	1
109500	40250	-0.3423643112	-0.05987077579	1
109500	44250	-0.4541752636	-0.08765506744	1
109500	48250	-0.3418964744	-0.1100915447	1
109500	52250	-0.2643240094	-0.09538672864	1
109500	56250	-0.3030454516	-0.06292807311	1
109500	60250	-0.2424481511	-0.05142705142	1
109500	64250	-0.1498821974	-0.03608151525	1
109500	68250	-0.2817014754	-0.0405078344	1
109500	72250	-0.3868486881	-0.01982439309	1
109500	76250	-0.5225723386	-0.09019334614	1
109500	80250	-0.5372742414	-0.1186038256	1
109500	84250	-0.3979746699	-0.08805821091	1
109500	88250	-0.4133771062	-0.04602023587	1
109500	92250	-0.4232925773	-0.01344807073	1
109500	96250	NaN	NaN	0
109500	100250	NaN	NaN	0
109500	104250	NaN	NaN	0
109500	108250	NaN	NaN	0
109500	112250	NaN	NaN	0
109500	116250	NaN	NaN	0
109500	120250	NaN	NaN	0
109500	124250	NaN	NaN	0
109500	128250	NaN	NaN	0
109500	132250	NaN	NaN	0
109500	136250	NaN	NaN	0
109500	140250	NaN	NaN	0
109500	144250	NaN	NaN	0
109500	148250	NaN	NaN	0
109500	152250	NaN	NaN	0
109500	156250	NaN	NaN	0
109500	160250	NaN	NaN	0
113500	4250	NaN	NaN	0
113500	8250	NaN	NaN	0
113500	12250	NaN	NaN	0
113500	16250	-0.5238231421	-0.01122912765	1
113500	20250	-0.4600843191	-0.1024162099	1
113500	24250	-0.4395517111	-0.1517954469	1
113500	28250	-0.3846206963	-0.123620756	1
113500	32250	-0.1342356205	-0.06044048443	1
113500	36250	-0.09978193045	-0.01097152196	1
113500	40250	-0.2646652758	-0.04866538197	1
113500	44250	-0.1960324943	-0.09184010327	1
113500	48250	-0.3035146892	-0.1256752014	1
113500	52250	-0.2855639458	-0.09906946868	1
113500	56250	-0.2477166206	-0.05618591607	1
113500	60250	-0.1105200574	-0.06513223797	1
113500	64250	-0.2417801321	-0.03488167375	1
113500	68250	-0.3224584162	-0.04185883701	1
113500	72250	-0.392208904	0.01494994573	1
113500	76250	-0.4749643505	-0.0682130754	1
113500	80250	-0.423728615	-0.1139071286	1
113500	84250	-0.3912571967	-0.0260021165	1
113500	88250	-0.3989180624	-0.02498609386	1
113500	92250	NaN	NaN	0
113500	96250	NaN	NaN	0
113500	100250	NaN	NaN	0
113500	104250	NaN	NaN	0
113500	108250	NaN	NaN	0
113500	112250	NaN	NaN	0
113500	116250	NaN	NaN	0
113500	120250	NaN	NaN	0
113500	124250	NaN	NaN	0
113500	128250	NaN	NaN	0
113500	132250	NaN	NaN	0
113500	136250	NaN	NaN	0
113500	140250	NaN	NaN	0
113500	144250	NaN	NaN	0
113500	148250	NaN	NaN	0
113500	152250	NaN	NaN	0
113500	156250	NaN	NaN	0
113500	160250	NaN	NaN	0
117500	4250	NaN	NaN	0
117500	8250	NaN	NaN	0
117500	12250	NaN	NaN	0
117500	16250	-0.3725380898	-0.02782503888	1
117500	20250	-0.4207048118	-0.2672833502	1
117500	24250	-0.3865922093	-0.2749812305	1
117500	28250	-0.3298087716	-0.136834383	1
117500	32250	-0.2569245696	-0.06898885965	1
117500	36250	-0.08173770458	-0.06991928071	1
117500	40250	-0.1033814102	-0.06554953754	1
117500	44250	-0.4737145305	-0.1318921	1
117500	48250	-0.3083546758	-0.1452845931	1
117500	52250	-0.2761340141	-0.1357300878	1
117500	56250	-0.2420152277	-0.04559241235	1
117500	60250	-0.2854653895	-0.188227728	1
117500	64250	-0.1458435208	-0.04887099564	1
117500	68250	-0.2172985971	-0.05944288522	1
117500	72250	-0.5283761621	-0.06066449732	1
117500	76250	-0.5443778038	-0.0531135276	1
117500	80250	-0.3759882152	-0.09872807562	1
117500	84250	-0.3558405042	-0.0001774459233	1
117500	88250	NaN	NaN	0
117500	92250	NaN	NaN	0
117500	96250	NaN	NaN	0
117500	100250	NaN	NaN	0
117500	104250	NaN	NaN	0
117500	108250	NaN	NaN	0
117500	112250	NaN	NaN	0
117500	116250	NaN	NaN	0
117500	120250	NaN	NaN	0
117500	124250	NaN	NaN	0
117500	128250	NaN	NaN	0
117500	132250	NaN	NaN	0
117500	136250	NaN	NaN	0
117500	140250	NaN	NaN	0
117500	144250	NaN	NaN	0
117500	148250	NaN	NaN	0
117500	152250	NaN	NaN	0
117500	156250	NaN	NaN	0
117500	160250	NaN	NaN	0
121500	4250	NaN	NaN	0
121500	8250	NaN	NaN	0
121500	12250	NaN	NaN	0
121500	16250	-0.3473805487	-0.05302046239	1
121500	20250	-0.3702609837	-0.2728149593	1
121500	24250	-0.3202425838	-0.1089497134	1
121500	28250	-0.1739221811	-0.01816968061	1
121500	32250	-0.1448152065	-0.06558883935	1
121500	36250	-0.2762272656	-0.1943775564	1
121500	40250	-0.3870866001	-0.1768130064	1
121500	44250	-0.4642307162	-0.1393316239	1
121500	48250	-0.4650401473	-0.1256629825	1
121500	52250	-0.4067562222	-0.1925894916	1
121500	56250	-0.4485118687	-0.03890674934	1
121500	60250	-0.3472116292	0.003835246433	1
121500	64250	-0.1072366387	-0.01309900265	1
121500	68250	-0.1263791323	-0.03222527355	1
121500	72250	-0.4943200946	-0.01911184192	1
121500	76250	-0.342096597	-0.0134579381	1
121500	80250	-0.3204119503	-0.01171768922	1
121500	84250	NaN	NaN	0
121500	88250	NaN	NaN	0
121500	92250	NaN	NaN	0
121500	96250	NaN	NaN	0
121500	100250	NaN	NaN	0
121500	104250	NaN	NaN	0
121500	108250	NaN	NaN	0
121500	112250	NaN	NaN	0
121500	116250	NaN	NaN	0
121500	120250	NaN	NaN	0
121500	124250	NaN	NaN	0
121500	128250	NaN	NaN	0
121500	132250	NaN	NaN	0
121500	136250	NaN	NaN	0
121500	140250	NaN	NaN	0
121500	144250	NaN	NaN	0
121500	148250	NaN	NaN	0
121500	152250	NaN	NaN	0
121500	156250	NaN	NaN	0
121500	160250	NaN	NaN	0
125500	4250	NaN	NaN	0
125500	8250	NaN	NaN	0
125500	12250	NaN	NaN	0
125500	16250	-0.3542749286	-0.07332735509	1
125500	20250	-0.3317056	-0.2578724027	1
125500	24250	-0.2756789029	0.02238988876	1
125500	28250	-0.2292222828	-0.01613839716	1
125500	32250	-0.2208083868	-0.04269103333	1
125500	36250	-0.2081317008	-0.2223842442	1
125500	40250	-0.2636039555	-0.07271069288	1
125500	44250	-0.2777842581	-0.2428893894	1
125500	48250	-0.3023126423	-0.08719534427	1
125500	52250	-0.2965044379	-0.2054988444	1
125500	56250	-0.2968182862	0.008485789411	1
125500	60250	-0.2993330061	0.02987329662	1
125500	64250	-0.3247604072	-0.02576952241	1
125500	68250	-0.1004476026	-0.0268379394	1
125500	72250	-0.3106995225	0.0334023945	1
125500	76250	-0.3004598022	0.02273177356	1
125500	80250	NaN	NaN	0
125500	84250	NaN	NaN	0
125500	88250	NaN	NaN	0
125500	92250	NaN	NaN	0
125500	96250	NaN	NaN	0
125500	100250	NaN	NaN	0
125500	104250	NaN	NaN	0
125500	108250	NaN	NaN	0
125500	112250	NaN	NaN	0
125500	116250	NaN	NaN	0
125500	120250	NaN	NaN	0
125500	124250	NaN	NaN	0
125500	128250	NaN	NaN	0
125500	132250	NaN	NaN	0
125500	136250	NaN	NaN	0
125500	140250	NaN	NaN	0
125500	144250	NaN	NaN	0
125500	148250	NaN	NaN	0
125500	152250	NaN	NaN	0
125500	156250	NaN	NaN	0
125500	160250	NaN	NaN	0
129500	4250	NaN	NaN	0
129500	8250	NaN	NaN	0
129500	12250	NaN	NaN	0
129500	16250	-0.3348406553	-0.05168340355	1
129500	20250	-0.3990172148	-0.07618814707	1
129500	24250	-0.06524457037	-0.1131188422	1
129500	28250	-0.03804155439	-0.09231790155	1
129500	32250	-0.08262246847	-0.1789213866	1
129500	36250	-0.2070621848	-0.03724117205	1
129500	40250	-0.2615506053	-0.06130780652	1
129500	44250	-0.2667363584	-0.2269655317	1
129500	48250	-0.2974912822	-0.09389868379	1
129500	52250	-0.2901986539	-0.0232184343	1
129500	56250	-0.2702549994	0.04946369678	1
129500	60250	-0.1506102979	0.1289583296	1
129500	64250	-0.2606704533	-0.002743968042	1
129500	68250	-0.2728261352	0.007817022502	1
129500	72250	-0.2966111302	0.1242084801	1
129500	76250	NaN	NaN	0
129500	80250	NaN	NaN	0
129500	84250	NaN	NaN	0
129500	88250	NaN	NaN	0
129500	92250	NaN	NaN	0
129500	96250	NaN	NaN	0
129500	100250	NaN	NaN	0
129500	104250	NaN	NaN	0
129500	108250	NaN	NaN	0
129500	112250	NaN	NaN	0
129500	116250	NaN	NaN	0
129500	120250	NaN	NaN	0
129500	124250	NaN	NaN	0
129500	128250	NaN	NaN	0
129500	132250	NaN	NaN	0
129500	136250	NaN	NaN	0
129500	140250	NaN	NaN	0
129500	144250	NaN	NaN	0
129500	148250	NaN	NaN	0
129500	152250	NaN	NaN	0
129500	156250	NaN	NaN	0
129500	160250	NaN	NaN	0
133500	4250	NaN	NaN	0
133500	8250	NaN	NaN	0
133500	12250	NaN	NaN	0
133500	16250	-0.2782421708	-0.03100283071	1
133500	20250	-0.2645063996	-0.04484915361	1
133500	24250	-0.2076507658	-0.09094104916	1
133500	28250	-0.1697669625	-0.1425141096	1
133500	32250	-0.1781642735	-0.2366227359	1
133500	36250	-0.2118252665	-0.05108065531	1
133500	40250	-0.228865996	-0.0579648912	1
133500	44250	-0.2973780632	-0.03765799478	1
133500	48250	-0.3694496453	0.1474258006	1
133500	52250	-0.3752079606	0.1160207242	1
133500	56250	-0.3114868402	0.02402085811	1
133500	60250	-0.2565769553	0.1302027255	1
133500	64250	-0.2419907749	0.0638037622	1
133500	68250	-0.2665576935	-0.006858884357	1
133500	72250	NaN	NaN	0
133500	76250	NaN	NaN	0
133500	80250	NaN	NaN	0
133500	84250	NaN	NaN	0
133500	88250	NaN	NaN	0
133500	92250	NaN	NaN	0
133500	96250	NaN	NaN	0
133500	100250	NaN	NaN	0
133500	104250	NaN	NaN	0
133500	108250	NaN	NaN	0
133500	112250	NaN	NaN	0
133500	116250	NaN	NaN	0
133500	120250	NaN	NaN	0
133500	124250	NaN	NaN	0
133500	128250	NaN	NaN	0
133500	132250	NaN	NaN	0
133500	136250	NaN	NaN	0
133500	140250	NaN	NaN	0
133500	144250	NaN	NaN	0
133500	148250	NaN	NaN	0
133500	152250	NaN	NaN	0
133500	156250	NaN	NaN	0
133500	160250	NaN	NaN	0
137500	4250	NaN	NaN	0
137500	8250	NaN	NaN	0
137500	12250	NaN	NaN	0
137500	16250	-0.3567931354	-0.02775376104	1
137500	20250	-0.1819985807	-0.04436782375	1
137500	24250	-0.1865602881	-0.2311124057	1
137500	28250	-0.1883039773	-0.1655387431	1
137500	32250	-0.1774482429	-0.2415106595	1
137500	36250	-0.204115212	-0.06415034086	1
137500	40250	-0.2371368706	-0.0697517097	1
137500	44250	-0.3175798655	-0.04236053303	1
137500	48250	-0.4243577123	0.1534480006	1
137500	52250	-0.5021567941	0.1066859663	1
137500	56250	-0.3572913408	-0.02598440275	1
137500	60250	-0.166074574	-0.03509047627	1
137500	64250	-0.2094438523	-0.01056426484	1
137500	68250	-0.2665949166	-0.02065610886	1
137500	72250	NaN	NaN	0
137500	76250	NaN	NaN	0
137500	80250	NaN	NaN	0
137500	84250	NaN	NaN	0
137500	88250	NaN	NaN	0
137500	92250	NaN	NaN	0
137500	96250	NaN	NaN	0
137500	100250	NaN	NaN	0
137500	104250	NaN	NaN	0
137500	108250	NaN	NaN	0
137500	112250	NaN	NaN	0
137500	116250	NaN	NaN	0
137500	120250	NaN	NaN	0
137500	124250	NaN	NaN	0
137500	128250	NaN	NaN	0
137500	132250	NaN	NaN	0
137500	136250	NaN	NaN	0
137500	140250	NaN	NaN	0
137500	144250	NaN	NaN	0
137500	148250	NaN	NaN	0
137500	152250	NaN	NaN	0
137500	156250	NaN	NaN	0
137500	160250	NaN	NaN	0
141500	4250	NaN	NaN	0
141500	8250	NaN	NaN	0
141500	12250	NaN	NaN	0
141500	16250	-0.1923878193	-0.02961756475	1
141500	20250	-0.004115899559	-0.07844476402	1
141500	24250	-0.1326784194	-0.2243303955	1
141500	28250	-0.1112686619	-0.08194250613	1
141500	32250	-0.193190515	-0.2596241832	1
141500	36250	-0.1895275712	-0.07434616238	1
141500	40250	-0.21204184	-0.03993149474	1
141500	44250	-0.295765698	-0.04854482785	1
141500	48250	-0.5568854213	-0.006327918731	1
141500	52250	-0.4888797104	-0.19269678	1
141500	56250	-0.4053025544	-0.1973732859	1
141500	60250	-0.3857741654	-0.1901388466	1
141500	64250	-0.3770545721	-0.06001725793	1
141500	68250	NaN	NaN	0
141500	72250	NaN	NaN	0
141500	76250	NaN	NaN	0
141500	80250	NaN	NaN	0
141500	84250	NaN	NaN	0
141500	88250	NaN	NaN	0
141500	92250	NaN	NaN	0
141500	96250	NaN	NaN	0
141500	100250	NaN	NaN	0
141500	104250	NaN	NaN	0
141500	108250	NaN	NaN	0
141500	112250	NaN	NaN	0
141500	116250	NaN	NaN	0
141500	120250	NaN	NaN	0
141500	124250	NaN	NaN	0
141500	128250	NaN	NaN	0
141500	132250	NaN	NaN	0
141500	136250	NaN	NaN	0
141500	140250	NaN	NaN	0
141500	144250	NaN	NaN	0
141500	148250	NaN	NaN	0
141500	152250	NaN	NaN	0
141500	156250	NaN	NaN	0
141500	160250	NaN	NaN	0
145500	4250	NaN	NaN	0
145500	8250	NaN	NaN	0
145500	12250	NaN	NaN	0
145500	16250	-0.1886430383	-0.004515548702	1
145500	20250	-0.05370403454	-0.03005754016	1
145500	24250	-0.001879814547	-0.04905565083	1
145500	28250	-0.1731553078	-0.2420989275	1
145500	32250	-0.1867525429	-0.2714539766	1
145500	36250	-0.1733864695	0.02748857811	1
145500	40250	-0.1791875213	-0.02213525213	1
145500	44250	-0.2561311126	-0.04670067877	1
145500	48250	-0.5377703309	-0.03626826033	1
145500	52250	-0.5339947343	-0.1251308918	1
145500	56250	-0.6174622774	-0.08886292577	1
145500	60250	-0.4119544327	-0.2142713368	1
145500	64250	NaN	NaN	0
145500	68250	NaN	NaN	0
145500	72250	NaN	NaN	0
145500	76250	NaN	NaN	0
145500	80250	NaN	NaN	0
145500	84250	NaN	NaN	0
145500	88250	NaN	NaN	0
145500	92250	NaN	NaN	0
145500	96250	NaN	NaN	0
145500	100250	NaN	NaN	0
145500	104250	NaN	NaN	0
145500	108250	NaN	NaN	0
145500	112250	NaN	NaN	0
145500	116250	NaN	NaN	0
145500	120250	NaN	NaN	0
145500	124250	NaN	NaN	0
145500	128250	NaN	NaN	0
145500	132250	NaN	NaN	0
145500	136250	NaN	NaN	0
145500	140250	NaN	NaN	0
145500	144250	NaN	NaN	0
145500	148250	NaN	NaN	0
145500	152250	NaN	NaN	0
145500	156250	NaN	NaN	0
145500	160250	NaN	NaN	0
149500	4250	NaN	NaN	0
149500	8250	NaN	NaN	0
149500	12250	NaN	NaN	0
149500	16250	-0.01714772731	-0.005158459302	1
149500	20250	-0.1823069304	-0.03095629998	1
149500	24250	-0.1611217856	-0.05822570249	1
149500	28250	-0.176012069	-0.1753198057	1
149500	32250	-0.1736561656	-0.1161503568	1
149500	36250	-0.1738489121	-0.06458230317	1
149500	40250	-0.1893011034	-0.01144494023	1
149500	44250	-0.3361480534	0.006319692358	1
149500	48250	-0.5170402527	0.01971945353	1
149500	52250	-0.4740524888	0.01995608956	1
149500	56250	-0.5887571573	-8.328507101e-05	1
149500	60250	NaN	NaN	0
149500	64250	NaN	NaN	0
149500	68250	NaN	NaN	0
149500	72250	NaN	NaN	0
149500	76250	NaN	NaN	0
149500	80250	NaN	NaN	0
149500	84250	NaN	NaN	0
149500	88250	NaN	NaN	0
149500	92250	NaN	NaN	0
149500	96250	NaN	NaN	0
149500	100250	NaN	NaN	0
149500	104250	NaN	NaN	0
149500	108250	NaN	NaN	0
149500	112250	NaN	NaN	0
149500	116250	NaN	NaN	0
149500	120250	NaN	NaN	0
149500	124250	NaN	NaN	0
149500	128250	NaN	NaN	0
149500	132250	NaN	NaN	0
149500	136250	NaN	NaN	0
149500	140250	NaN	NaN	0
149500	144250	NaN	NaN	0
149500	148250	NaN	NaN	0
149500	152250	NaN	NaN	0
149500	156250	NaN	NaN	0
149500	160250	NaN	NaN	0
153500	4250	NaN	NaN	0
153500	8250	NaN	NaN	0
153500	12250	NaN	NaN	0
153500	16250	-0.22467421	-0.009316752665	1
153500	20250	-0.2004689872	-0.06401731074	1
153500	24250	-0.1813816726	-0.06488616765	1
153500	28250	-0.1708183885	-0.09998965263	1
153500	32250	-0.1689025462	-0.08327121288	1
153500	36250	-0.1889062822	-0.03611521423	1
153500	40250	-0.2129407227	0.03145513684	1
153500	44250	-0.3647043407	0.04073859006	1
153500	48250	-0.3698298931	0.03135903925	1
153500	52250	-0.3909081221	0.05655724183	1
153500	56250	NaN	NaN	0
153500	60250	NaN	NaN	0
153500	64250	NaN	NaN	0
153500	68250	NaN	NaN	0
153500	72250	NaN	NaN	0
153500	76250	NaN	NaN	0
153500	80250	NaN	NaN	0
153500	84250	NaN	NaN	0
153500	88250	NaN	NaN	0
153500	92250	NaN	NaN	0
153500	96250	NaN	NaN	0
153500	100250	NaN	NaN	0
153500	104250	NaN	NaN	0
153500	108250	NaN	NaN	0
153500	112250	NaN	NaN	0
153500	116250	NaN	NaN	0
153500	120250	NaN	NaN	0
153500	124250	NaN	NaN	0
153500	128250	NaN	NaN	0
153500	132250	NaN	NaN	0
153500	136250	NaN	NaN	0
153500	140250	NaN	NaN	0
153500	144250	NaN	NaN	0
153500	148250	NaN	NaN	0
153500	152250	NaN	NaN	0
153500	156250	NaN	NaN	0
153500	160250	NaN	NaN	0
157500	4250	NaN	NaN	0
157500	8250	NaN	NaN	0
157500	12250	NaN	NaN	0
157500	16250	-0.2449171841	-0.03987964988	1
157500	20250	-0.3810385764	-0.05026783794	1
157500	24250	-0.2124368697	-0.05431560427	1
157500	28250	-0.2085294425	-0.02055948414	1
157500	32250	-0.1959193647	-0.03536367416	1
157500	36250	-0.1651187837	0.1193906367	1
157500	40250	-0.438719064	0.01360838488	1
157500	44250	-0.4233651757	0.1295629144	1
157500	48250	-0.3777715862	0.03617108241	1
157500	52250	NaN	NaN	0
157500	56250	NaN	NaN	0
157500	60250	NaN	NaN	0
157500	64250	NaN	NaN	0
157500	68250	NaN	NaN	0
157500	72250	NaN	NaN	0
157500	76250	NaN	NaN	0
157500	80250	NaN	NaN	0
157500	84250	NaN	NaN	0
157500	88250	NaN	NaN	0
157500	92250	NaN	NaN	0
157500	96250	NaN	NaN	0
157500	100250	NaN	NaN	0
157500	104250	NaN	NaN	0
157500	108250	NaN	NaN	0
157500	112250	NaN	NaN	0
157500	116250	NaN	NaN	0
157500	120250	NaN	NaN	0
157500	124250	NaN	NaN	0
157500	128250	NaN	NaN	0
157500	132250	NaN	NaN	0
157500	136250	NaN	NaN	0
157500	140250	NaN	NaN	0
157500	144250	NaN	NaN	0
157500	148250	NaN	NaN	0
157500	152250	NaN	NaN	0
157500	156250	NaN	NaN	0
157500	160250	NaN	NaN	0
161500	4250	NaN	NaN	0
161500	8250	NaN	NaN	0
161500	12250	NaN	NaN	0
161500	16250	NaN	NaN	0
161500	20250	NaN	NaN	0
161500	24250	NaN	NaN	0
161500	28250	NaN	NaN	0
161500	32250	NaN	NaN	0
161500	36250	NaN	NaN	0
161500	40250	-0.3291473985	0.02507199347	1
161500	44250	-0.3549578488	0.07504878938	1
161500	48250	NaN	NaN	0
161500	52250	NaN	NaN	0
161500	56250	NaN	NaN	0
161500	60250	NaN	NaN	0
161500	64250	NaN	NaN	0
161500	68250	NaN	NaN	0
161500	72250	NaN	NaN	0
161500	76250	NaN	NaN	0
161500	80250	NaN	NaN	0
161500	84250	NaN	NaN	0
161500	88250	NaN	NaN	0
161500	92250	NaN	NaN	0
161500	96250	NaN	NaN	0
161500	100250	NaN	NaN	0
161500	104250	NaN	NaN	0
161500	108250	NaN	NaN	0
161500	112250	NaN	NaN	0
161500	116250	NaN	NaN	0
161500	120250	NaN	NaN	0
161500	124250	NaN	NaN	0
161500	128250	NaN	NaN	0
161500	132250	NaN	NaN	0
161500	136250	NaN	NaN	0
161500	140250	NaN	NaN	0
161500	144250	NaN	NaN	0
161500	148250	NaN	NaN	0
161500	152250	NaN	NaN	0
161500	156250	NaN	NaN	0
161500	160250	NaN	NaN	0
165500	4250	NaN	NaN	0
165500	8250	NaN	NaN	0
165500	12250	NaN	NaN	0
165500	16250	NaN	NaN	0
165500	20250	NaN	NaN	0
165500	24250	NaN	NaN	0
165500	28250	NaN	NaN	0
165500	32250	NaN	NaN	0
165500	36250	NaN	NaN	0
165500	40250	NaN	NaN	0
165500	44250	NaN	NaN	0
165500	48250	NaN	NaN	0
165500	52250	NaN	NaN	0
165500	56250	NaN	NaN	0
165500	60250	NaN	NaN	0
165500	64250	NaN	NaN	0
165500	68250	NaN	NaN	0
165500	72250	NaN	NaN	0
165500	76250	NaN	NaN	0
165500	80250	NaN	NaN	0
165500	84250	NaN	NaN	0
165500	88250	NaN	NaN	0
165500	92250	NaN	NaN	0
165500	96250	NaN	NaN	0
165500	100250	NaN	NaN	0
165500	104250	NaN	NaN	0
165500	108250	NaN	NaN	0
165500	112250	NaN	NaN	0
165500	116250	NaN	NaN	0
165500	120250	NaN	NaN	0
165500	124250	NaN	NaN	0
165500	128250	NaN	NaN	0
165500	132250	NaN	NaN	0
165500	136250	NaN	NaN	0
165500	140250	NaN	NaN	0
165500	144250	NaN	NaN	0
165500	148250	NaN	NaN	0
165500	152250	NaN	NaN	0
165500	156250	NaN	NaN	0
165500	160250	NaN	NaN	0
169500	4250	NaN	NaN	0
169500	8250	NaN	NaN	0
169500	12250	NaN	NaN	0
169500	16250	NaN	NaN	0
169500	20250	NaN	NaN	0
169500	24250	NaN	NaN	0
169500	28250	NaN	NaN	0
169500	32250	NaN	NaN	0
169500	36250	NaN	NaN	0
169500	40250	NaN	NaN	0
169500	44250	NaN	NaN	0
169500	48250	NaN	NaN	0
169500	52250	NaN	NaN	0
169500	56250	NaN	NaN	0
169500	60250	NaN	NaN	0
169500	64250	NaN	NaN	0
169500	68250	NaN	NaN	0
169500	72250	NaN	NaN	0
169500	76250	NaN	NaN	0
169500	80250	NaN	NaN	0
169500	84250	NaN	NaN	0
169500	88250	NaN	NaN	0
169500	92250	NaN	NaN	0
169500	96250	NaN	NaN	0
169500	100250	NaN	NaN	0
169500	104250	NaN	NaN	0
169500	108250	NaN	NaN	0
169500	112250	NaN	NaN	0
169500	116250	NaN	NaN	0
169500	120250	NaN	NaN	0
169500	124250	NaN	NaN	0
169500	128250	NaN	NaN	0
169500	132250	NaN	NaN	0
169500	136250	NaN	NaN	0
169500	140250	NaN	NaN	0
169500	144250	NaN	NaN	0
169500	148250	NaN	NaN	0
169500	152250	NaN	NaN	0
169500	156250	NaN	NaN	0
169500	160250	NaN	NaN	0
173500	4250	NaN	NaN	0
173500	8250	NaN	NaN	0
173500	12250	NaN	NaN	0
173500	16250	NaN	NaN	0
173500	20250	NaN	NaN	0
173500	24250	NaN	NaN	0
173500	28250	NaN	NaN	0
173500	32250	NaN	NaN	0
173500	36250	NaN	NaN	0
173500	40250	NaN	NaN	0
173500	44250	NaN	NaN	0
173500	48250	NaN	NaN	0
173500	52250	NaN	NaN	0
173500	56250	NaN	NaN	0
173500	60250	NaN	NaN	0
173500	64250	NaN	NaN	0
173500	68250	NaN	NaN	0
173500	72250	NaN	NaN	0
173500	76250	NaN	NaN	0
173500	80250	NaN	NaN	0
173500	84250	NaN	NaN	0
173500	88250	NaN	NaN	0
173500	92250	NaN	NaN	0
173500	96250	NaN	NaN	0
173500	100250	NaN	NaN	0
173500	104250	NaN	NaN	0
173500	108250	NaN	NaN	0
173500	112250	NaN	NaN	0
173500	116250	NaN	NaN	0
173500	120250	NaN	NaN	0
173500	124250	NaN	NaN	0
173500	128250	NaN	NaN	0
173500	132250	NaN	NaN	0
173500	136250	NaN	NaN	0
173500	140250	NaN	NaN	0
173500	144250	NaN	NaN	0
173500	148250	NaN	NaN	0
173500	152250	NaN	NaN	0
173500	156250	NaN	NaN	0
173500	160250	NaN	NaN	0
177500	4250	NaN	NaN	0
177500	8250	NaN	NaN	0
177500	12250	NaN	NaN	0
177500	16250	NaN	NaN	0
177500	20250	NaN	NaN	0
177500	24250	NaN	NaN	0
177500	28250	NaN	NaN	0
177500	32250	NaN	NaN	0
177500	36250	NaN	NaN	0
177500	40250	NaN	NaN	0
177500	44250	NaN	NaN	0
177500	48250	NaN	NaN	0
177500	52250	NaN	NaN	0
177500	56250	NaN	NaN	0
177500	60250	NaN	NaN	0
177500	64250	NaN	NaN	0
177500	68250	NaN	NaN	0
177500	72250	NaN	NaN	0
177500	76250	NaN	NaN	0
177500	80250	NaN	NaN	0
177500	84250	NaN	NaN	0
177500	88250	NaN	NaN	0
177500	92250	NaN	NaN	0
177500	96250	NaN	NaN	0
177500	100250	NaN	NaN	0
177500	104250	NaN	NaN	0
177500	108250	NaN	NaN	0
177500	112250	NaN	NaN	0
177500	116250	NaN	NaN	0
177500	120250	NaN	NaN	0
177500	124250	NaN	NaN	0
177500	128250	NaN	NaN	0
177500	132250	NaN	NaN	0
177500	136250	NaN	NaN	0
177500	140250	NaN	NaN	0
177500	144250	NaN	NaN	0
177500	148250	NaN	NaN	0
177500	152250	NaN	NaN	0
177500	156250	NaN	NaN	0
177500	160250	NaN	NaN	0
181500	4250	NaN	NaN	0
181500	8250	NaN	NaN	0
181500	12250	NaN	NaN	0
181500	16250	NaN	NaN	0
181500	20250	NaN	NaN	0
181500	24250	NaN	NaN	0
181500	28250	NaN	NaN	0
181500	32250	NaN	NaN	0
181500	36250	NaN	NaN	0
181500	40250	NaN	NaN	0
181500	44250	NaN	NaN	0
181500	48250	NaN	NaN	0
181500	52250	NaN	NaN	0
181500	56250	NaN	NaN	0
181500	60250	NaN	NaN	0
181500	64250	NaN	NaN	0
181500	68250	NaN	NaN	0
181500	72250	NaN	NaN	0
181500	76250	NaN	NaN	0
181500	80250	NaN	NaN	0
181500	84250	NaN	NaN	0
181500	88250	NaN	NaN	0
181500	92250	NaN	NaN	0
181500	96250	NaN	NaN	0
181500	100250	NaN	NaN	0
181500	104250	NaN	NaN	0
181500	108250	NaN	NaN	0
181500	112250	NaN	NaN	0
181500	116250	NaN	NaN	0
181500	120250	NaN	NaN	0
181500	124250	NaN	NaN	0
181500	128250	NaN	NaN	0
181500	132250	NaN	NaN	0
181500	136250	NaN	NaN	0
181500	140250	NaN	NaN	0
181500	144250	NaN	NaN	0
181500	148250	NaN	NaN	0
181500	152250	NaN	NaN	0
181500	156250	NaN	NaN	0
181500	160250	NaN	NaN	0
185500	4250	NaN	NaN	0
185500	8250	NaN	NaN	0
185500	12250	NaN	NaN	0
185500	16250	NaN	NaN	0
185500	20250	NaN	NaN	0
185500	24250	NaN	NaN	0
185500	28250	NaN	NaN	0
185500	32250	NaN	NaN	0
185500	36250	NaN	NaN	0
185500	40250	NaN	NaN	0
185500	44250	NaN	NaN	0
185500	48250	NaN	NaN	0
185500	52250	NaN	NaN	0
185500	56250	NaN	NaN	0
185500	60250	NaN	NaN	0
185500	64250	NaN	NaN	0
185500	68250	NaN	NaN	0
185500	72250	NaN	NaN	0
185500	76250	NaN	NaN	0
185500	80250	NaN	NaN	0
185500	84250	NaN	NaN	0
185500	88250	NaN	NaN	0
185500	92250	NaN	NaN	0
185500	96250	NaN	NaN	0
185500	100250	NaN	NaN	0
185500	104250	NaN	NaN	0
185500	108250	NaN	NaN	0
185500	112250	NaN	NaN	0
185500	116250	NaN	NaN	0
185500	120250	NaN	NaN	0
185500	124250	NaN	NaN	0
185500	128250	NaN	NaN	0
185500	132250	NaN	NaN	0
185500	136250	NaN	NaN	0
185500	140250	NaN	NaN	0
185500	144250	NaN	NaN	0
185500	148250	NaN	NaN	0
185500	152250	NaN	NaN	0
185500	156250	NaN	NaN	0
185500	160250	NaN	NaN	0
189500	4250	NaN	NaN	0
189500	8250	NaN	NaN	0
189500	12250	NaN	NaN	0
189500	16250	NaN	NaN	0
189500	20250	NaN	NaN	0
189500	24250	NaN	NaN	0
189500	28250	NaN	NaN	0
189500	32250	NaN	NaN	0
189500	36250	NaN	NaN	0
189500	40250	NaN	NaN	0
189500	44250	NaN	NaN	0
189500	48250	NaN	NaN	0
189500	52250	NaN	NaN	0
189500	56250	NaN	NaN	0
189500	60250	NaN	NaN	0
189500	64250	NaN	NaN	0
189500	68250	NaN	NaN	0
189500	72250	NaN	NaN	0
189500	76250	NaN	NaN	0
189500	80250	NaN	NaN	0
189500	84250	NaN	NaN	0
189500	88250	NaN	NaN	0
189500	92250	NaN	NaN	0
189500	96250	NaN	NaN	0
189500	100250	NaN	NaN	0
189500	104250	NaN	NaN	0
189500	108250	NaN	NaN	0
189500	112250	NaN	NaN	0
189500	116250	NaN	NaN	0
189500	120250	NaN	NaN	0
189500	124250	NaN	NaN	0
189500	128250	NaN	NaN	0
189500	132250	NaN	NaN	0
189500	136250	NaN	NaN	0
189500	140250	NaN	NaN	0
189500	144250	NaN	NaN	0
189500	148250	NaN	NaN	0
189500	152250	NaN	NaN	0
189500	156250	NaN	NaN	0
189500	160250	NaN	NaN	0
193500	4250	NaN	NaN	0
193500	8250	NaN	NaN	0
193500	12250	NaN	NaN	0
193500	16250	NaN	NaN	0
193500	20250	NaN	NaN	0
193500	24250	NaN	NaN	0
193500	28250	NaN	NaN	0
193500	32250	NaN	NaN	0
193500	36250	NaN	NaN	0
193500	40250	NaN	NaN	0
193500	44250	NaN	NaN	0
193500	48250	NaN	NaN	0
193500	52250	NaN	NaN	0
193500	56250	NaN	NaN	0
193500	60250	NaN	NaN	0
193500	64250	NaN	NaN	0
193500	68250	NaN	NaN	0
193500	72250	NaN	NaN	0
193500	76250	NaN	NaN	0
193500	80250	NaN	NaN	0
193500	84250	NaN	NaN	0
193500	88250	NaN	NaN	0
193500	92250	NaN	NaN	0
193500	96250	NaN	NaN	0
193500	100250	NaN	NaN	0
193500	104250	NaN	NaN	0
193500	108250	NaN	NaN	0
193500	112250	NaN	NaN	0
193500	116250	NaN	NaN	0
193500	120250	NaN	NaN	0
193500	124250	NaN	NaN	0
193500	128250	NaN	NaN	0
193500	132250	NaN	NaN	0
193500	136250	NaN	NaN	0
193500	140250	NaN	NaN	0
193500	144250	NaN	NaN	0
193500	148250	NaN	NaN	0
193500	152250	NaN	NaN	0
193500	156250	NaN	NaN	0
193500	160250	NaN	NaN	0
197500	4250	NaN	NaN	0
197500	8250	NaN	NaN	0
197500	12250	NaN	NaN	0
197500	16250	NaN	NaN	0
197500	20250	NaN	NaN	0
197500	24250	NaN	NaN	0
197500	28250	NaN	NaN	0
197500	32250	NaN	NaN	0
197500	36250	NaN	NaN	0
197500	40250	NaN	NaN	0
197500	44250	NaN	NaN	0
197500	48250	NaN	NaN	0
197500	52250	NaN	NaN	0
197500	56250	NaN	NaN	0
197500	60250	NaN	NaN	0
197500	64250	NaN	NaN	0
197500	68250	NaN	NaN	0
197500	72250	NaN	NaN	0
197500	76250	NaN	NaN	0
197500	80250	NaN	NaN	0
197500	84250	NaN	NaN	0
197500	88250	NaN	NaN	0
197500	92250	NaN	NaN	0
197500	96250	NaN	NaN	0
197500	100250	NaN	NaN	0
197500	104250	NaN	NaN	0
197500	108250	NaN	NaN	0
197500	112250	NaN	NaN	0
197500	116250	NaN	NaN	0
197500	120250	NaN	NaN	0
197500	124250	NaN	NaN	0
197500	128250	NaN	NaN	0
197500	132250	NaN	NaN	0
197500	136250	NaN	NaN	0
197500	140250	NaN	NaN	0
197500	144250	NaN	NaN	0
197500	148250	NaN	NaN	0
197500	152250	NaN	NaN	0
197500	156250	NaN	NaN	0
197500	160250	NaN	NaN	0
201500	4250	NaN	NaN	0
201500	8250	NaN	NaN	0
201500	12250	NaN	NaN	0
201500	16250	NaN	NaN	0
201500	20250	NaN	NaN	0
201500	24250	NaN	NaN	0
201500	28250	NaN	NaN	0
201500	32250	NaN	NaN	0
201500	36250	NaN	NaN	0
201500	40250	NaN	NaN	0
201500	44250	NaN	NaN	0
201500	48250	NaN	NaN	0
201500	52250	NaN	NaN	0
201500	56250	NaN	NaN	0
201500	60250	NaN	NaN	0
201500	64250	NaN	NaN	0
201500	68250	NaN	NaN	0
201500	72250	NaN	NaN	0
201500	76250	NaN	NaN	0
201500	80250	NaN	NaN	0
201500	84250	NaN	NaN	0
201500	88250	NaN	NaN	0
201500	92250	NaN	NaN	0
201500	96250	NaN	NaN	0
201500	100250	NaN	NaN	0
201500	104250	NaN	NaN	0
201500	108250	NaN	NaN	0
201500	112250	NaN	NaN	0
201500	116250	NaN	NaN	0
201500	120250	NaN	NaN	0
201500	124250	NaN	NaN	0
201500	128250	NaN	NaN	0
201500	132250	NaN	NaN	0
201500	136250	NaN	NaN	0
201500	140250	NaN	NaN	0
201500	144250	NaN	NaN	0
201500	148250	NaN	NaN	0
201500	152250	NaN	NaN	0
201500	156250	NaN	NaN	0
201500	160250	NaN	NaN	0
205500	4250	NaN	NaN	0
205500	8250	NaN	NaN	0
205500	12250	NaN	NaN	0
205500	16250	NaN	NaN	0
205500	20250	NaN	NaN	0
205500	24250	NaN	NaN	0
205500	28250	NaN	NaN	0
205500	32250	NaN	NaN	0
205500	36250	NaN	NaN	0
205500	40250	NaN	NaN	0
205500	44250	NaN	NaN	0
205500	48250	NaN	NaN	0
205500	52250	NaN	NaN	0
205500	56250	NaN	NaN	0
205500	60250	NaN	NaN	0
205500	64250	NaN	NaN	0
205500	68250	NaN	NaN	0
205500	72250	NaN	NaN	0
205500	76250	NaN	NaN	0
205500	80250	NaN	NaN	0
205500	84250	NaN	NaN	0
205500	88250	NaN	NaN	0
205500	92250	NaN	NaN	0
205500	96250	NaN	NaN	0
205500	100250	NaN	NaN	0
205500	104250	NaN	NaN	0
205500	108250	NaN	NaN	0
205500	112250	NaN	NaN	0
205500	116250	NaN	NaN	0
205500	120250	NaN	NaN	0
205500	124250	NaN	NaN	0
205500	128250	NaN	NaN	0
205500	132250	NaN	NaN	0
205500	136250	NaN	NaN	0
205500	140250	NaN	NaN	0
205500	144250	NaN	NaN	0
205500	148250	NaN	NaN	0
205500	152250	NaN	NaN	0
205500	156250	NaN	NaN	0
205500	160250	NaN	NaN	0
209500	4250	NaN	NaN	0
209500	8250	NaN	NaN	0
209500	12250	NaN	NaN	0
209500	16250	NaN	NaN	0
209500	20250	NaN	NaN	0
209500	24250	NaN	NaN	0
209500	28250	NaN	NaN	0
209500	32250	NaN	NaN	0
209500	36250	NaN	NaN	0
209500	40250	NaN	NaN	0
209500	44250	NaN	NaN	0
209500	48250	NaN	NaN	0
209500	52250	NaN	NaN	0
209500	56250	NaN	NaN	0
209500	60250	NaN	NaN	0
209500	64250	NaN	NaN	0
209500	68250	NaN	NaN	0
209500	72250	NaN	NaN	0
209500	76250	NaN	NaN	0
209500	80250	NaN	NaN	0
209500	84250	NaN	NaN	0
209500	88250	NaN	NaN	0
209500	92250	NaN	NaN	0
209500	96250	NaN	NaN	0
209500	100250	NaN	NaN	0
209500	104250	NaN	NaN	0
209500	108250	NaN	NaN	0
209500	112250	NaN	NaN	0
209500	116250	NaN	NaN	0
209500	120250	NaN	NaN	0
209500	124250	NaN	NaN	0
209500	128250	NaN	NaN	0
209500	132250	NaN	NaN	0
209500	136250	NaN	NaN	0
209500	140250	NaN	NaN	0
209500	144250	NaN	NaN	0
209500	148250	NaN	NaN	0
209500	152250	NaN	NaN	0
209500	156250	NaN	NaN	0
209500	160250	NaN	NaN	0
213500	4250	NaN	NaN	0
213500	8250	NaN	NaN	0
213500	12250	NaN	NaN	0
213500	16250	NaN	NaN	0
213500	20250	NaN	NaN	0
213500	24250	NaN	NaN	0
213500	28250	NaN	NaN	0
213500	32250	NaN	NaN	0
213500	36250	NaN	NaN	0
213500	40250	NaN	NaN	0
213500	44250	NaN	NaN	0
213500	48250	NaN	NaN	0
213500	52250	NaN	NaN	0
213500	56250	NaN	NaN	0
213500	60250	NaN	NaN	0
213500	64250	NaN	NaN	0
213500	68250	NaN	NaN	0
213500	72250	NaN	NaN	0
213500	76250	NaN	NaN	0
213500	80250	NaN	NaN	0
213500	84250	NaN	NaN	0
213500	88250	NaN	NaN	0
213500	92250	NaN	NaN	0
213500	96250	NaN	NaN	0
213500	100250	NaN	NaN	0
213500	104250	NaN	NaN	0
213500	108250	NaN	NaN	0
213500	112250	NaN	NaN	0
213500	116250	NaN	NaN	0
213500	120250	NaN	NaN	0
213500	124250	NaN	NaN	0
213500	128250	NaN	NaN	0
213500	132250	NaN	NaN	0
213500	136250	NaN	NaN	0
213500	140250	NaN	NaN	0
213500	144250	NaN	NaN	0
213500	148250	NaN	NaN	0
213500	152250	NaN	NaN	0
213500	156250	NaN	NaN	0
213500	160250	NaN	NaN	0
